0 9.999999999999997e-01 1.000000000000000e+00 3.330669073875470e-16
1 1.247403959254523e+00 1.247403959254523e+00 2.220446049250313e-16
2 1.479425538604203e+00 1.479425538604203e+00 2.220446049250313e-16
3 1.681638760023334e+00 1.681638760023334e+00 0.000000000000000e+00
4 1.841470984807897e+00 1.841470984807897e+00 0.000000000000000e+00
5 9.590634833109386e-01 9.689124217106447e-01 9.848938399706131e-03
6 1.207374395286980e+00 1.216316380965168e+00 8.941985678187381e-03
7 1.448727834936881e+00 1.448337960314848e+00 3.898746220332150e-04
8 1.659775971253269e+00 1.650551181733979e+00 9.224789519290510e-03
9 1.823225017615547e+00 1.810383406518541e+00 1.284161109700555e-02
10 8.148257833442044e-01 8.775825618903728e-01 6.275677854616835e-02
11 1.085130362950210e+00 1.124986521144896e+00 3.985615819468591e-02
12 1.352711241601590e+00 1.357008100494576e+00 4.296858892985922e-03
13 1.582067320254197e+00 1.559221321913707e+00 2.284599834049006e-02
14 1.754638658194818e+00 1.719053546698269e+00 3.558511149654864e-02
15 6.998618426225179e-01 7.316888688738209e-01 3.182702625130296e-02
16 9.560903493944704e-01 9.790928281283439e-01 2.300247873387351e-02
17 1.203913358209579e+00 1.211114407478024e+00 7.201049268444670e-03
18 1.419853846701487e+00 1.413327628897155e+00 6.526217804331935e-03
19 1.585629361036757e+00 1.573159853681717e+00 1.246950735503982e-02
20 5.143849549001237e-01 5.403023058681398e-01 2.591735096801606e-02
21 7.695048703449625e-01 7.877062651226627e-01 1.820139477770022e-02
22 1.012276526464760e+00 1.019727844472343e+00 7.451318007583030e-03
23 1.224802829512296e+00 1.221941065891474e+00 2.861763620822133e-03
24 1.394138503369882e+00 1.381773290676036e+00 1.236521269384583e-02

1 1.055479292865973e+00 1.069380147763235e+00 1.390085489726234e-02
2 1.151592784847168e+00 1.162425919393975e+00 1.083313454680690e-02
3 1.301168729826128e+00 1.313337928359077e+00 1.216919853294929e-02
4 1.391852444265202e+00 1.401244350261684e+00 9.391905996481764e-03
5 1.529309781598118e+00 1.536952327449895e+00 7.642545851777038e-03
6 1.606946756626936e+00 1.614899589770296e+00 7.952833143360927e-03
7 1.721546582964050e+00 1.726320084758962e+00 4.773501794912205e-03
8 1.782111587482259e+00 1.790107589949502e+00 7.996002467242302e-03
9 9.530065432017844e-01 9.976799827941405e-01 4.467343959235615e-02
10 1.083856080516043e+00 1.110853079008153e+00 2.699699849210990e-02
11 1.215071999946260e+00 1.241637763389982e+00 2.656576344372241e-02
12 1.336271157275150e+00 1.349671509875862e+00 1.340035260071226e-02
13 1.461168798930889e+00 1.465252162480800e+00 4.083363549910679e-03
14 1.563523708814782e+00 1.563326749384475e+00 1.969594303077304e-04
15 1.665493983234095e+00 1.654619919789867e+00 1.087406344422748e-02
16 1.745879882354544e+00 1.738534749563680e+00 7.345132790864906e-03
17 8.235926584537310e-01 8.691241769772583e-01 4.553151852352733e-02
18 9.520154985629614e-01 1.000527392525072e+00 4.851189396211053e-02
19 1.081711356851420e+00 1.113081957573100e+00 3.137060072168030e-02
20 1.213918320920460e+00 1.239345823392782e+00 2.542750247232206e-02
21 1.325492815504219e+00 1.336696356663918e+00 1.120354115969890e-02
22 1.451544136185758e+00 1.453001062901394e+00 1.456926715635909e-03
23 1.529183509330814e+00 1.526064113972985e+00 3.119395357828569e-03
24 1.640778446495257e+00 1.628209063080599e+00 1.256938341465830e-02
25 6.612505559558681e-01 6.917057076683554e-01 3.045515171248725e-02
26 8.084856874539835e-01 8.383083767764716e-01 2.982268932248811e-02
27 9.126239154013975e-01 9.356634882641973e-01 2.303957286279978e-02
28 1.057426744689603e+00 1.077126807644181e+00 1.970006295457827e-02
29 1.146997571395545e+00 1.159277887355015e+00 1.228031595946999e-02
30 1.282856678141121e+00 1.290782047152794e+00 7.925369011672956e-03
31 1.346265059861222e+00 1.348645644664082e+00 2.380584802860630e-03
32 1.466540570369375e+00 1.465990047331999e+00 5.505230373765713e-04
